0 0.5986328125 0.49560546875 0.6142578125 0.5029296875 0.62109375 0.489501953125 0.62109375 0.474853515625 0.6044921875 0.4541015625 0.5751953125 0.46630859375 0.5537109375 0.49560546875 0.5380859375 0.49072265625 0.544921875 0.487060546875 0.5400390625 0.4833984375 0.5341796875 0.48583984375 0.517578125 0.533447265625 0.505859375 0.545654296875 0.5068359375 0.576171875 0.5146484375 0.57861328125 0.5244140625 0.55419921875 0.5400390625 0.54931640625 0.5546875 0.570068359375 0.5546875 0.596923828125 0.568359375 0.596923828125 0.576171875 0.589599609375 0.57421875 0.555419921875 0.587890625 0.509033203125 0.5986328125 0.49560546875
0 0.23828125 0.653076171875 0.2314453125 0.65673828125 0.228515625 0.645751953125 0.244140625 0.626220703125 0.2421875 0.614013671875 0.248046875 0.604248046875 0.236328125 0.562744140625 0.2236328125 0.5517578125 0.1865234375 0.56884765625 0.177734375 0.584716796875 0.17578125 0.606689453125 0.1953125 0.631103515625 0.19921875 0.650634765625 0.1923828125 0.65673828125 0.1630859375 0.634765625 0.1435546875 0.63720703125 0.134765625 0.665283203125 0.14453125 0.689697265625 0.171875 0.714111328125 0.171875 0.733642578125 0.1787109375 0.7470703125 0.208984375 0.750732421875 0.208984375 0.709228515625 0.232421875 0.684814453125 0.228515625 0.667724609375 0.23828125 0.653076171875
0 0.142578125 0.430908203125 0.1181640625 0.400390625 0.0732421875 0.36865234375 0.0654296875 0.3515625 0.0400390625 0.34912109375 0.013671875 0.367431640625 0.013671875 0.374755859375 0.0361328125 0.390625 0.0517578125 0.4150390625 0.1103515625 0.4296875 0.1123046875 0.44189453125 0.1298828125 0.44921875 0.125 0.460205078125 0.12890625 0.482177734375 0.1572265625 0.517578125 0.193359375 0.523681640625 0.1708984375 0.49560546875 0.15625 0.496826171875 0.16015625 0.491943359375 0.142578125 0.430908203125
0 0.0537109375 0.51513671875 0.0234375 0.518798828125 0.0419921875 0.5419921875 0.078125 0.555419921875 0.087890625 0.545654296875 0.0791015625 0.5126953125 0.0576171875 0.50537109375 0.0537109375 0.51513671875
0 0.0673828125 0.72021484375 0.05859375 0.731201171875 0.056640625 0.767822265625 0.0791015625 0.7861328125 0.08984375 0.784912109375 0.1015625 0.775146484375 0.1015625 0.765380859375 0.087890625 0.731201171875 0.0673828125 0.72021484375
0 0.0078125 0.709228515625 0.01171875 0.736083984375 0.017578125 0.736083984375 0.033203125 0.718994140625 0.037109375 0.684814453125 0.0302734375 0.6787109375 0.0078125 0.709228515625
0 0.056640625 0.181884765625 0.056640625 0.201416015625 0.0615234375 0.20751953125 0.0859375 0.206298828125 0.123046875 0.179443359375 0.1162109375 0.16845703125 0.0830078125 0.15625 0.056640625 0.181884765625
0 0.041015625 0.289306640625 0.0244140625 0.2587890625 0.01171875 0.262451171875 0.0185546875 0.283203125 0.041015625 0.289306640625
0 0.130859375 0.279541015625 0.142578125 0.225830078125 0.150390625 0.213623046875 0.1474609375 0.18798828125 0.1337890625 0.185546875 0.1162109375 0.16357421875 0.0869140625 0.15380859375 0.0439453125 0.18798828125 0.0224609375 0.18310546875 0.015625 0.208740234375 0.025390625 0.220947265625 0.01953125 0.235595703125 0.02734375 0.252685546875 0.0166015625 0.25390625 0.0126953125 0.2392578125 0.005859375 0.242919921875 0.01171875 0.272216796875 0.0205078125 0.283203125 0.0361328125 0.2880859375 0.0615234375 0.31982421875 0.072265625 0.323486328125 0.07421875 0.303955078125 0.0869140625 0.2880859375 0.1103515625 0.29541015625 0.130859375 0.279541015625
0 0.7138671875 0.185546875 0.7080078125 0.19287109375 0.6943359375 0.18310546875 0.68359375 0.194091796875 0.6875 0.220947265625 0.69921875 0.228271484375 0.7265625 0.216064453125 0.728515625 0.196533203125 0.7236328125 0.18798828125 0.7138671875 0.185546875
0 0.8232421875 0.27587890625 0.8515625 0.277099609375 0.85546875 0.264892578125 0.8427734375 0.24658203125 0.814453125 0.262451171875 0.8232421875 0.27587890625
0 0.2822265625 0.400390625 0.275390625 0.438232421875 0.291015625 0.450439453125 0.2822265625 0.400390625
0 0.26171875 0.440673828125 0.271484375 0.428466796875 0.2763671875 0.3955078125 0.25 0.423583984375 0.26171875 0.440673828125
0 0.2197265625 0.439453125 0.2158203125 0.44921875 0.2138671875 0.439453125 0.203125 0.440673828125 0.2080078125 0.45654296875 0.2431640625 0.4833984375 0.2578125 0.484619140625 0.2587890625 0.45654296875 0.2470703125 0.458984375 0.2373046875 0.44189453125 0.2197265625 0.439453125
0 0.3837890625 0.458984375 0.3681640625 0.4638671875 0.37109375 0.496826171875 0.390625 0.526123046875 0.390625 0.550537109375 0.40234375 0.552978515625 0.41015625 0.528564453125 0.412109375 0.484619140625 0.4013671875 0.46630859375 0.3837890625 0.458984375
0 0.306640625 0.538330078125 0.33203125 0.562744140625 0.3359375 0.543212890625 0.3134765625 0.51025390625 0.3076171875 0.51025390625 0.306640625 0.538330078125