0 0.154296875 0.450439453125 0.1484375 0.452880859375 0.14453125 0.430908203125 0.1181640625 0.400390625 0.0771484375 0.37109375 0.0693359375 0.35400390625 0.0439453125 0.3515625 0.015625 0.369873046875 0.0205078125 0.38330078125 0.0478515625 0.400390625 0.0556640625 0.41748046875 0.1103515625 0.4296875 0.1162109375 0.44677734375 0.135217859375 0.4539049390625 0.126953125 0.462646484375 0.142578125 0.506591796875 0.1689453125 0.52490234375 0.193359375 0.526123046875 0.193359375 0.518798828125 0.1728515625 0.498046875 0.15625 0.491943359375 0.150390625 0.474853515625 0.154296875 0.450439453125
0 0.228515625 0.653076171875 0.240234375 0.640869140625 0.240234375 0.621337890625 0.25390625 0.614013671875 0.23828125 0.565185546875 0.2275390625 0.55419921875 0.2001953125 0.56396484375 0.1796875 0.589599609375 0.177734375 0.611572265625 0.2060546875 0.654296875 0.1923828125 0.6591796875 0.1552734375 0.63720703125 0.140625 0.643310546875 0.138671875 0.675048828125 0.146484375 0.692138671875 0.173828125 0.714111328125 0.173828125 0.731201171875 0.1845703125 0.74951171875 0.208984375 0.758056640625 0.208984375 0.714111328125 0.2158203125 0.70068359375 0.23046875 0.694580078125 0.228515625 0.653076171875
0 0.06640625 0.494384765625 0.044921875 0.462646484375 0.041015625 0.443115234375 0.0498046875 0.4345703125 0.056640625 0.440673828125 0.0556640625 0.4541015625 0.0751953125 0.458984375 0.078125 0.435791015625 0.0693359375 0.4248046875 0.072265625 0.447998046875 0.060546875 0.447998046875 0.05859375 0.423583984375 0.0654296875 0.41748046875 0.0888671875 0.43212890625 0.0986328125 0.42236328125 0.09765625 0.438232421875 0.103515625 0.445556640625 0.09765625 0.455322265625 0.1044921875 0.4638671875 0.109375 0.435791015625 0.103515625 0.435791015625 0.1064453125 0.4296875 0.11328125 0.433349609375 0.1171875 0.494384765625 0.125 0.494384765625 0.12109375 0.491943359375 0.1279296875 0.4736328125 0.1357421875 0.51513671875 0.1435546875 0.50537109375 0.1689453125 0.52490234375 0.1728515625 0.51513671875 0.1884765625 0.52978515625 0.193359375 0.521240234375 0.1689453125 0.49560546875 0.15625 0.494384765625 0.1484375 0.467529296875 0.154296875 0.452880859375 0.140625 0.447998046875 0.142578125 0.433349609375 0.1279296875 0.41259765625 0.0751953125 0.37109375 0.0673828125 0.35400390625 0.0400390625 0.35400390625 0.015625 0.374755859375 0.0419921875 0.3955078125 0.05078125 0.411376953125 0.0419921875 0.4052734375 0.0341796875 0.41259765625 0.0283203125 0.4052734375 0.0234375 0.413818359375 0.0283203125 0.419921875 0.0498046875 0.4150390625 0.056640625 0.426025390625 0.0458984375 0.43212890625 0.0185546875 0.419921875 0.0078125 0.430908203125 0.005859375 0.460205078125 0.0126953125 0.46875 0.0166015625 0.46142578125 0.0302734375 0.46142578125 0.0546875 0.499267578125 0.0556640625 0.517578125 0.0283203125 0.517578125 0.025390625 0.523681640625 0.041015625 0.538330078125 0.0478515625 0.56396484375 0.0634765625 0.55419921875 0.07421875 0.574951171875 0.091796875 0.552978515625 0.087890625 0.521240234375 0.06640625 0.506591796875 0.06640625 0.494384765625
0 0.0546875 0.772705078125 0.0791015625 0.78369140625 0.095703125 0.782470703125 0.103515625 0.772705078125 0.08984375 0.733642578125 0.0634765625 0.7275390625 0.0546875 0.772705078125
0 0.013671875 0.731201171875 0.0234375 0.733642578125 0.03515625 0.714111328125 0.0341796875 0.68359375 0.009765625 0.716552734375 0.013671875 0.731201171875
0 0.0888671875 0.15869140625 0.05859375 0.186767578125 0.0615234375 0.205078125 0.091796875 0.211181640625 0.1181640625 0.205078125 0.130859375 0.184326171875 0.1201171875 0.16845703125 0.0888671875 0.15869140625
0 0.05859375 0.225830078125 0.0625 0.220947265625 0.0556640625 0.21240234375 0.05078125 0.220947265625 0.05859375 0.225830078125
0 0.0234375 0.206298828125 0.03125 0.206298828125 0.0390625 0.198974609375 0.0341796875 0.185546875 0.0234375 0.191650390625 0.0234375 0.206298828125
0 0.09765625 0.281982421875 0.10546875 0.267333984375 0.0869140625 0.25390625 0.0859375 0.274658203125 0.09765625 0.281982421875
0 0.09375 0.177001953125 0.1005859375 0.18310546875 0.1083984375 0.17822265625 0.115234375 0.186767578125 0.125 0.179443359375 0.1162109375 0.16845703125 0.1005859375 0.16845703125 0.09375 0.177001953125
0 0.056640625 0.308837890625 0.076171875 0.325927734375 0.072265625 0.274658203125 0.0654296875 0.2734375 0.056640625 0.289306640625 0.056640625 0.308837890625
0 0.0107421875 0.24169921875 0.009765625 0.257568359375 0.017578125 0.277099609375 0.044921875 0.291748046875 0.048828125 0.284423828125 0.0390625 0.267333984375 0.0146484375 0.25390625 0.0107421875 0.24169921875
0 0.154296875 0.211181640625 0.1474609375 0.19287109375 0.1357421875 0.19775390625 0.123046875 0.220947265625 0.130859375 0.228271484375 0.12890625 0.235595703125 0.13671875 0.238037109375 0.13671875 0.225830078125 0.1435546875 0.224609375 0.1455078125 0.234375 0.154296875 0.211181640625
0 0.5224609375 0.42236328125 0.5068359375 0.4248046875 0.50390625 0.443115234375 0.50390625 0.457763671875 0.51171875 0.460205078125 0.505859375 0.465087890625 0.517578125 0.467529296875 0.515625 0.462646484375 0.525390625 0.457763671875 0.52734375 0.428466796875 0.5224609375 0.42236328125
0 0.6025390625 0.50537109375 0.6201171875 0.51025390625 0.626953125 0.489501953125 0.5869140625 0.41748046875 0.5625 0.438232421875 0.5556640625 0.46142578125 0.525390625 0.482177734375 0.52734375 0.506591796875 0.5078125 0.570068359375 0.51171875 0.587158203125 0.5185546875 0.58837890625 0.5302734375 0.5615234375 0.5458984375 0.55908203125 0.5546875 0.579833984375 0.556640625 0.606689453125 0.56640625 0.609130859375 0.580078125 0.596923828125 0.578125 0.570068359375 0.591796875 0.518798828125 0.6025390625 0.50537109375
0 0.3837890625 0.4638671875 0.37109375 0.472412109375 0.373046875 0.487060546875 0.396484375 0.531005859375 0.39453125 0.552978515625 0.404296875 0.555419921875 0.412109375 0.538330078125 0.4140625 0.487060546875 0.4072265625 0.4736328125 0.3837890625 0.4638671875
0 0.310546875 0.540771484375 0.322265625 0.550537109375 0.328125 0.533447265625 0.3134765625 0.517578125 0.30859375 0.523681640625 0.310546875 0.540771484375
0 0.7138671875 0.2001953125 0.6982421875 0.19287109375 0.689453125 0.208740234375 0.69140625 0.225830078125 0.6982421875 0.234375 0.716796875 0.233154296875 0.732421875 0.220947265625 0.734375 0.203857421875 0.7197265625 0.1904296875 0.7138671875 0.2001953125
0 0.818359375 0.269775390625 0.818359375 0.281982421875 0.8310546875 0.29052734375 0.8330078125 0.30029296875 0.849609375 0.301513671875 0.857421875 0.299072265625 0.859375 0.274658203125 0.8486328125 0.25634765625 0.818359375 0.269775390625
0 0.828125 0.384521484375 0.8359375 0.379638671875 0.8310546875 0.361328125 0.822265625 0.374755859375 0.828125 0.384521484375
0 0.8447265625 0.439453125 0.8681640625 0.44677734375 0.876953125 0.457763671875 0.857421875 0.411376953125 0.8330078125 0.39794921875 0.826171875 0.416259765625 0.8447265625 0.439453125
0 0.4306640625 0.30029296875 0.4150390625 0.28076171875 0.412109375 0.303955078125 0.40234375 0.308837890625 0.39453125 0.328369140625 0.4130859375 0.3662109375 0.427734375 0.367431640625 0.4609375 0.343017578125 0.462890625 0.313720703125 0.4404296875 0.29541015625 0.4306640625 0.30029296875