0 0 0.692138671875 0.033203125 0.697021484375 0.080078125 0.618896484375 0.08203125 0.572509765625 0.0673828125 0.54443359375 0.0322265625 0.53955078125 0.0244140625 0.52734375 0.005859375 0.560302734375 0.005859375 0.589599609375 0 0.599365234375 0 0.692138671875
0 0.00390625 0.843505859375 0.021484375 0.823974609375 0.0126953125 0.7861328125 0 0.789794921875 0.00390625 0.843505859375
0 0.1650390625 0.712890625 0.1591796875 0.74462890625 0.1416015625 0.72998046875 0.12890625 0.736083984375 0.115234375 0.784912109375 0.1298828125 0.79833984375 0.1484375 0.797119140625 0.208984375 0.770263671875 0.20703125 0.728759765625 0.1962890625 0.712890625 0.1650390625 0.712890625
0 0.4541015625 0.62255859375 0.4453125 0.648193359375 0.4677734375 0.6787109375 0.482421875 0.682373046875 0.494140625 0.662841796875 0.490234375 0.638427734375 0.4716796875 0.62255859375 0.4541015625 0.62255859375
0 0.50390625 0.640869140625 0.517578125 0.633544921875 0.51171875 0.611572265625 0.51953125 0.599365234375 0.5205078125 0.57861328125 0.5263671875 0.5908203125 0.5302734375 0.5859375 0.53515625 0.592041015625 0.53125 0.616455078125 0.541015625 0.650634765625 0.5712890625 0.65185546875 0.57421875 0.645751953125 0.572265625 0.609130859375 0.5546875 0.592041015625 0.55859375 0.577392578125 0.53125 0.574951171875 0.552734375 0.543212890625 0.552734375 0.496826171875 0.5478515625 0.49072265625 0.4990234375 0.49072265625 0.4775390625 0.478515625 0.455078125 0.494384765625 0.462890625 0.545654296875 0.4345703125 0.55908203125 0.431640625 0.567626953125 0.431640625 0.594482421875 0.44140625 0.606689453125 0.431640625 0.626220703125 0.439453125 0.704345703125 0.41796875 0.718994140625 0.4248046875 0.72509765625 0.466796875 0.723876953125 0.470703125 0.701904296875 0.45703125 0.684814453125 0.4814453125 0.68359375 0.50390625 0.640869140625
0 0.767578125 0.594482421875 0.7626953125 0.56396484375 0.7353515625 0.5615234375 0.71484375 0.579833984375 0.71484375 0.596923828125 0.697265625 0.626220703125 0.701171875 0.650634765625 0.6953125 0.662841796875 0.71875 0.672607421875 0.7236328125 0.654296875 0.7412109375 0.65673828125 0.75390625 0.648193359375 0.767578125 0.594482421875
0 0.5576171875 0.1220703125 0.552734375 0.118408203125 0.5546875 0.093994140625 0.5380859375 0.09033203125 0.5224609375 0.11962890625 0.5029296875 0.1318359375 0.4921875 0.130615234375 0.48828125 0.140380859375 0.5068359375 0.16357421875 0.533203125 0.167236328125 0.5693359375 0.146484375 0.587890625 0.108642578125 0.5732421875 0.10498046875 0.5576171875 0.1220703125
0 0.927734375 0.816650390625 0.951171875 0.765380859375 0.966796875 0.753173828125 0.966796875 0.731201171875 0.98046875 0.714111328125 0.9794921875 0.66162109375 0.9658203125 0.6640625 0.955078125 0.689697265625 0.9423828125 0.70068359375 0.9169921875 0.70068359375 0.9072265625 0.7080078125 0.8857421875 0.69580078125 0.8271484375 0.693359375 0.81640625 0.701904296875 0.8125 0.770263671875 0.802734375 0.784912109375 0.802734375 0.794677734375 0.81640625 0.811767578125 0.8125 0.836181640625 0.8291015625 0.85693359375 0.8564453125 0.8642578125 0.86328125 0.892333984375 0.869140625 0.894775390625 0.884765625 0.885009765625 0.896484375 0.865478515625 0.896484375 0.853271484375 0.927734375 0.816650390625
0 0.955078125 0.765380859375 0.96484375 0.760498046875 0.966796875 0.736083984375 0.98046875 0.716552734375 0.982421875 0.660400390625 0.9677734375 0.6396484375 0.9443359375 0.634765625 0.9033203125 0.57373046875 0.888671875 0.587158203125 0.888671875 0.662841796875 0.87109375 0.677490234375 0.8701171875 0.693359375 0.8232421875 0.693359375 0.814453125 0.701904296875 0.810546875 0.770263671875 0.802734375 0.780029296875 0.802734375 0.794677734375 0.81640625 0.811767578125 0.8125 0.838623046875 0.8310546875 0.859375 0.8564453125 0.86669921875 0.86328125 0.892333984375 0.869140625 0.894775390625 0.8818359375 0.888671875 0.91015625 0.836181640625 0.931640625 0.819091796875 0.955078125 0.765380859375
0 0.0625 0.284423828125 0.060546875 0.294189453125 0.076171875 0.306396484375 0.0869140625 0.30517578125 0.103515625 0.289306640625 0.0986328125 0.25634765625 0.0625 0.284423828125
0 0.8173828125 0.9619140625 0.8056640625 0.95947265625 0.8017578125 0.947265625 0.7841796875 0.9423828125 0.7587890625 0.95703125 0.7509765625 0.9375 0.7373046875 0.93994140625 0.7275390625 0.95947265625 0.7119140625 0.9619140625 0.69921875 0.982666015625 0.7060546875 0.99853515625 0.88671875 0.997314453125 0.888671875 0.985107421875 0.8720703125 0.95458984375 0.8427734375 0.96435546875 0.8173828125 0.9619140625
0 0.8291015625 0.380859375 0.8125 0.386962890625 0.8291015625 0.41748046875 0.85546875 0.421142578125 0.865234375 0.399169921875 0.8564453125 0.3955078125 0.8544921875 0.3857421875 0.8291015625 0.380859375
0 0.09375 0.169677734375 0.09375 0.181884765625 0.1015625 0.186767578125 0.115234375 0.162353515625 0.1064453125 0.14404296875 0.099609375 0.147705078125 0.09375 0.169677734375
0 0.291015625 0.135498046875 0.302734375 0.157470703125 0.322265625 0.125732421875 0.3232421875 0.10498046875 0.3154296875 0.10498046875 0.291015625 0.135498046875
0 0.2490234375 0.703125 0.21484375 0.738525390625 0.216796875 0.762939453125 0.244140625 0.777587890625 0.26171875 0.760498046875 0.271484375 0.736083984375 0.267578125 0.711669921875 0.2490234375 0.703125
0 0.1708984375 0.7080078125 0.1572265625 0.73486328125 0.1337890625 0.72998046875 0.12890625 0.736083984375 0.1171875 0.784912109375 0.1318359375 0.79833984375 0.1484375 0.797119140625 0.208984375 0.770263671875 0.208984375 0.731201171875 0.1962890625 0.712890625 0.1708984375 0.7080078125
0 0.2470703125 0.55419921875 0.212890625 0.572509765625 0.21484375 0.596923828125 0.2333984375 0.60546875 0.236328125 0.616455078125 0.23828125 0.601806640625 0.263671875 0.577392578125 0.2626953125 0.55908203125 0.2470703125 0.55419921875