0 0.884765625 0.064697265625 0.8828125 0.050048828125 0.8623046875 0.0439453125 0.8564453125 0.05615234375 0.8359375 0.069580078125 0.833984375 0.084228515625 0.82421875 0.093994140625 0.8369140625 0.12451171875 0.8505859375 0.12939453125 0.8759765625 0.15625 0.884765625 0.155029296875 0.89453125 0.145263671875 0.89453125 0.133056640625 0.908203125 0.106201171875 0.884765625 0.064697265625
0 0.6494140625 0.0244140625 0.646484375 0.064697265625 0.6611328125 0.08056640625 0.677734375 0.079345703125 0.689453125 0.064697265625 0.6875 0.047607421875 0.6630859375 0.02197265625 0.6494140625 0.0244140625
0 0.1279296875 0.224609375 0.1044921875 0.2197265625 0.0771484375 0.2294921875 0.076171875 0.272216796875 0.0830078125 0.28564453125 0.091796875 0.284423828125 0.09375 0.296630859375 0.1162109375 0.29052734375 0.119140625 0.269775390625 0.142578125 0.238037109375 0.1279296875 0.224609375
0 0.1376953125 0.15625 0.125 0.157470703125 0.138671875 0.172119140625 0.1376953125 0.15625
0 0.111328125 0.115966796875 0.12109375 0.137939453125 0.138671875 0.140380859375 0.150390625 0.118408203125 0.1279296875 0.09033203125 0.1123046875 0.09765625 0.111328125 0.115966796875
0 0.4443359375 0.0634765625 0.4345703125 0.078125 0.421875 0.079345703125 0.416015625 0.103759765625 0.4267578125 0.1171875 0.453125 0.118408203125 0.46875 0.103759765625 0.47265625 0.084228515625 0.4658203125 0.068359375 0.4443359375 0.0634765625
0 0.5478515625 0.72509765625 0.5244140625 0.72509765625 0.5185546875 0.73974609375 0.494140625 0.755615234375 0.5029296875 0.77392578125 0.5146484375 0.7666015625 0.52734375 0.782470703125 0.5361328125 0.75927734375 0.5498046875 0.76171875 0.5625 0.745849609375 0.5478515625 0.72509765625
0 0.95703125 0.396728515625 0.9541015625 0.3662109375 0.94140625 0.369873046875 0.94140625 0.396728515625 0.916015625 0.433349609375 0.921875 0.460205078125 0.9140625 0.469970703125 0.9140625 0.531005859375 0.92578125 0.550537109375 0.947265625 0.462646484375 0.962890625 0.438232421875 0.96484375 0.404052734375 0.95703125 0.396728515625
0 0.939453125 0.572509765625 0.947265625 0.592041015625 0.96484375 0.599365234375 0.98046875 0.577392578125 0.978515625 0.562744140625 0.9443359375 0.55908203125 0.939453125 0.572509765625
0 0.93359375 0.972900390625 0.92578125 0.938720703125 0.9072265625 0.93017578125 0.8828125 0.941162109375 0.89453125 0.953369140625 0.88671875 0.958251953125 0.88671875 0.980224609375 0.8994140625 0.99853515625 0.90625 0.997314453125 0.9072265625 0.986328125 0.9208984375 0.99609375 0.919921875 0.977783203125 0.93359375 0.972900390625
0 0.40625 0.374755859375 0.41015625 0.355224609375 0.4013671875 0.35400390625 0.392578125 0.367431640625 0.40625 0.374755859375
0 0.26953125 0.208740234375 0.279296875 0.230712890625 0.3046875 0.240478515625 0.3046875 0.223388671875 0.29296875 0.194091796875 0.2724609375 0.18798828125 0.26953125 0.208740234375
0 0.8466796875 0.21240234375 0.8251953125 0.22705078125 0.810546875 0.247802734375 0.8271484375 0.2685546875 0.853515625 0.272216796875 0.865234375 0.245361328125 0.857421875 0.235595703125 0.861328125 0.216064453125 0.8466796875 0.21240234375
0 0.322265625 0.758056640625 0.3291015625 0.76904296875 0.337890625 0.767822265625 0.341796875 0.760498046875 0.3349609375 0.751953125 0.3291015625 0.74951171875 0.322265625 0.758056640625
0 0.212890625 0.511474609375 0.216796875 0.504150390625 0.2080078125 0.4931640625 0.1923828125 0.49560546875 0.19140625 0.513916015625 0.18359375 0.518798828125 0.18359375 0.545654296875 0.1904296875 0.54443359375 0.203125 0.557861328125 0.2177734375 0.55419921875 0.22265625 0.543212890625 0.220703125 0.516357421875 0.212890625 0.511474609375
0 0.4912109375 0.25390625 0.47265625 0.252685546875 0.478515625 0.260009765625 0.46875 0.274658203125 0.47265625 0.286865234375 0.4775390625 0.28076171875 0.48828125 0.286865234375 0.484375 0.281982421875 0.494140625 0.277099609375 0.5048828125 0.244140625 0.4912109375 0.25390625
0 0.228515625 0.723876953125 0.2314453125 0.7373046875 0.244140625 0.740966796875 0.228515625 0.723876953125
0 0.236328125 0.667724609375 0.25 0.672607421875 0.263671875 0.660400390625 0.2548828125 0.6396484375 0.2431640625 0.63720703125 0.236328125 0.667724609375