0 0.75390625 0.736083984375 0.740234375 0.692138671875 0.7314453125 0.67626953125 0.7041015625 0.654296875 0.6279296875 0.6591796875 0.619140625 0.670166015625 0.625 0.709228515625 0.615234375 0.758056640625 0.634765625 0.775146484375 0.634765625 0.802001953125 0.6533203125 0.8203125 0.6787109375 0.810546875 0.6923828125 0.8251953125 0.69921875 0.838623046875 0.689453125 0.853271484375 0.6953125 0.858154296875 0.71875 0.831298828125 0.724609375 0.819091796875 0.720703125 0.809326171875 0.75390625 0.736083984375
0 0.583984375 0.550537109375 0.5830078125 0.537109375 0.5263671875 0.537109375 0.509765625 0.550537109375 0.513671875 0.579833984375 0.505859375 0.616455078125 0.5078125 0.650634765625 0.5234375 0.655517578125 0.5302734375 0.634765625 0.5419921875 0.6396484375 0.556640625 0.626220703125 0.583984375 0.550537109375
0 0.3271484375 0.10986328125 0.3212890625 0.11962890625 0.3134765625 0.1025390625 0.2958984375 0.1025390625 0.2763671875 0.13671875 0.248046875 0.157470703125 0.2666015625 0.1806640625 0.296875 0.179443359375 0.328125 0.155029296875 0.33984375 0.123291015625 0.3349609375 0.1123046875 0.3271484375 0.10986328125
0 0.3525390625 0.60546875 0.33203125 0.631103515625 0.33203125 0.640869140625 0.3466796875 0.66650390625 0.37109375 0.665283203125 0.37890625 0.648193359375 0.37109375 0.631103515625 0.375 0.616455078125 0.3525390625 0.60546875
0 0.2548828125 0.654296875 0.25 0.677490234375 0.2744140625 0.703125 0.2890625 0.704345703125 0.298828125 0.689697265625 0.294921875 0.662841796875 0.2783203125 0.6494140625 0.2548828125 0.654296875
0 0 0.780029296875 0.001953125 0.865478515625 0.02734375 0.843505859375 0.01953125 0.792236328125 0.0068359375 0.77880859375 0 0.780029296875
0 0.0595703125 0.6103515625 0.0205078125 0.62255859375 0.005859375 0.645751953125 0.0146484375 0.66650390625 0.0322265625 0.6689453125 0.03125 0.677490234375 0.0390625 0.679931640625 0.041015625 0.665283203125 0.0625 0.635986328125 0.06640625 0.618896484375 0.0595703125 0.6103515625
0 0.0009765625 0.77880859375 0.00390625 0.865478515625 0.025390625 0.843505859375 0.025390625 0.831298828125 0.021484375 0.794677734375 0.0009765625 0.77880859375
0 0.0537109375 0.76904296875 0.029296875 0.804443359375 0.03125 0.826416015625 0.0380859375 0.8349609375 0.060546875 0.838623046875 0.08203125 0.814208984375 0.0859375 0.780029296875 0.0771484375 0.7666015625 0.0537109375 0.76904296875
0 0.6845703125 0.92041015625 0.6826171875 0.9326171875 0.6728515625 0.9228515625 0.6240234375 0.92529296875 0.6298828125 0.95703125 0.6171875 0.948486328125 0.6123046875 0.9326171875 0.603515625 0.946044921875 0.603515625 0.953369140625 0.615234375 0.960693359375 0.6201171875 0.99853515625 0.716796875 0.997314453125 0.734375 0.931396484375 0.7177734375 0.92529296875 0.7099609375 0.9033203125 0.6845703125 0.92041015625
0 0.568359375 0.936279296875 0.5517578125 0.9423828125 0.541015625 0.960693359375 0.541015625 0.972900390625 0.5498046875 0.98388671875 0.580078125 0.994873046875 0.591796875 0.943603515625 0.5888671875 0.9130859375 0.5693359375 0.91796875 0.568359375 0.936279296875
0 0.8095703125 0.30517578125 0.7802734375 0.30517578125 0.771484375 0.325927734375 0.771484375 0.347900390625 0.7900390625 0.3662109375 0.8046875 0.364990234375 0.818359375 0.355224609375 0.826171875 0.333251953125 0.82421875 0.321044921875 0.8095703125 0.30517578125
0 0.681640625 0.272216796875 0.693359375 0.279541015625 0.7099609375 0.27587890625 0.720703125 0.252685546875 0.6845703125 0.263671875 0.681640625 0.272216796875
0 0.048828125 0.184326171875 0.0595703125 0.20263671875 0.064453125 0.201416015625 0.076171875 0.186767578125 0.0810546875 0.146484375 0.0693359375 0.14892578125 0.048828125 0.184326171875
0 0.8876953125 0.51513671875 0.8662109375 0.53955078125 0.849609375 0.545654296875 0.849609375 0.560302734375 0.8623046875 0.57373046875 0.919921875 0.582275390625 0.919921875 0.562744140625 0.931640625 0.535888671875 0.9130859375 0.51513671875 0.8876953125 0.51513671875
0 0.2802734375 0.5810546875 0.2861328125 0.58837890625 0.333984375 0.574951171875 0.341796875 0.560302734375 0.34375 0.506591796875 0.3388671875 0.50048828125 0.3212890625 0.50048828125 0.3134765625 0.4931640625 0.3056640625 0.51025390625 0.2548828125 0.50537109375 0.244140625 0.513916015625 0.2421875 0.523681640625 0.259765625 0.574951171875 0.2451171875 0.57861328125 0.240234375 0.587158203125 0.25 0.596923828125 0.2470703125 0.60546875 0.265625 0.609130859375 0.265625 0.592041015625 0.2734375 0.592041015625 0.2666015625 0.5810546875 0.2802734375 0.5810546875
0 0.2529296875 0.37841796875 0.240234375 0.413818359375 0.244140625 0.455322265625 0.2587890625 0.47119140625 0.314453125 0.469970703125 0.3349609375 0.458984375 0.341796875 0.440673828125 0.330078125 0.406494140625 0.2529296875 0.37841796875
0 0.5322265625 0.23681640625 0.5302734375 0.2490234375 0.509765625 0.262451171875 0.5302734375 0.2783203125 0.552734375 0.281982421875 0.556640625 0.279541015625 0.546875 0.262451171875 0.5439453125 0.2392578125 0.5322265625 0.23681640625
0 0.6181640625 0.078125 0.603515625 0.093994140625 0.603515625 0.103759765625 0.59375 0.111083984375 0.603515625 0.115966796875 0.6328125 0.098876953125 0.634765625 0.081787109375 0.6298828125 0.07568359375 0.6181640625 0.078125
0 0.51953125 0.145263671875 0.51953125 0.179443359375 0.53515625 0.174560546875 0.5361328125 0.1318359375 0.5283203125 0.1318359375 0.51953125 0.145263671875
0 0.576171875 0.799560546875 0.58203125 0.794677734375 0.5634765625 0.791015625 0.552734375 0.802001953125 0.55078125 0.836181640625 0.580078125 0.853271484375 0.5859375 0.845947265625 0.580078125 0.838623046875 0.58203125 0.809326171875 0.576171875 0.799560546875
0 0.6640625 0.379638671875 0.658203125 0.360107421875 0.6298828125 0.34912109375 0.5908203125 0.35400390625 0.591796875 0.369873046875 0.60546875 0.379638671875 0.6083984375 0.39306640625 0.6171875 0.394287109375 0.619140625 0.411376953125 0.634765625 0.418701171875 0.6376953125 0.41259765625 0.6533203125 0.41748046875 0.662109375 0.406494140625 0.6640625 0.379638671875
0 0.71875 0.452880859375 0.740234375 0.455322265625 0.75 0.447998046875 0.75 0.438232421875 0.7333984375 0.419921875 0.71875 0.452880859375