0 0.6083984375 0.50537109375 0.6259765625 0.5078125 0.62890625 0.477294921875 0.5869140625 0.4150390625 0.57421875 0.421142578125 0.5732421875 0.45654296875 0.5478515625 0.458984375 0.529296875 0.413818359375 0.5087890625 0.40283203125 0.49609375 0.438232421875 0.49609375 0.472412109375 0.5185546875 0.48828125 0.525390625 0.504150390625 0.5234375 0.528564453125 0.51171875 0.543212890625 0.51171875 0.584716796875 0.5205078125 0.5908203125 0.5302734375 0.56396484375 0.5478515625 0.55908203125 0.55859375 0.579833984375 0.55859375 0.604248046875 0.568359375 0.609130859375 0.583984375 0.596923828125 0.583984375 0.565185546875 0.59765625 0.516357421875 0.6083984375 0.50537109375
0 0.1279296875 0.2978515625 0.138671875 0.281982421875 0.158203125 0.211181640625 0.15625 0.191650390625 0.142578125 0.186767578125 0.1474609375 0.1806640625 0.1826171875 0.17822265625 0.197265625 0.162353515625 0.203125 0.135498046875 0.19140625 0.111083984375 0.1923828125 0.10009765625 0.1572265625 0.10986328125 0.1494140625 0.11962890625 0.1181640625 0.11474609375 0.11328125 0.120849609375 0.1259765625 0.1318359375 0.140625 0.128173828125 0.130859375 0.150146484375 0.1474609375 0.17578125 0.1416015625 0.1708984375 0.1337890625 0.1806640625 0.1259765625 0.16845703125 0.0869140625 0.15380859375 0.0634765625 0.1708984375 0.0537109375 0.18798828125 0.025390625 0.189208984375 0.021484375 0.228271484375 0.009765625 0.242919921875 0.01171875 0.264892578125 0.0205078125 0.283203125 0.0439453125 0.29541015625 0.0732421875 0.32958984375 0.080078125 0.328369140625 0.0966796875 0.32470703125 0.10546875 0.316162109375 0.1044921875 0.30517578125 0.1279296875 0.2978515625
0 0.2421875 0.665283203125 0.236328125 0.650634765625 0.2490234375 0.6201171875 0.255859375 0.621337890625 0.26171875 0.648193359375 0.2578125 0.611572265625 0.2421875 0.567626953125 0.2314453125 0.55419921875 0.2021484375 0.55908203125 0.177734375 0.594482421875 0.173828125 0.614013671875 0.201171875 0.640869140625 0.1962890625 0.654296875 0.1689453125 0.6396484375 0.1513671875 0.64208984375 0.14453125 0.645751953125 0.138671875 0.665283203125 0.1484375 0.694580078125 0.17578125 0.718994140625 0.1796875 0.748291015625 0.2109375 0.755615234375 0.216796875 0.706787109375 0.240234375 0.689697265625 0.234375 0.682373046875 0.2421875 0.665283203125
0 0.0693359375 0.35400390625 0.0439453125 0.35400390625 0.01953125 0.372314453125 0.0595703125 0.41748046875 0.0986328125 0.42236328125 0.140625 0.440673828125 0.1455078125 0.4296875 0.1162109375 0.39794921875 0.0791015625 0.37353515625 0.0693359375 0.35400390625
0 0.0537109375 0.52001953125 0.029296875 0.523681640625 0.0537109375 0.5517578125 0.08984375 0.560302734375 0.095703125 0.548095703125 0.0830078125 0.517578125 0.0634765625 0.51025390625 0.0537109375 0.52001953125
0 0.068359375 0.509033203125 0.044921875 0.452880859375 0.0205078125 0.439453125 0.013671875 0.452880859375 0.015625 0.467529296875 0.0341796875 0.46630859375 0.060546875 0.509033203125 0.0556640625 0.52001953125 0.0380859375 0.517578125 0.03125 0.526123046875 0.0576171875 0.54931640625 0.0771484375 0.546875 0.0771484375 0.55419921875 0.0859375 0.555419921875 0.08203125 0.548095703125 0.091796875 0.545654296875 0.08984375 0.531005859375 0.068359375 0.509033203125
0 0.0712890625 0.72021484375 0.0546875 0.750732421875 0.0546875 0.767822265625 0.0634765625 0.78125 0.09375 0.787353515625 0.109375 0.780029296875 0.10546875 0.760498046875 0.0908203125 0.732421875 0.0712890625 0.72021484375
0 0 0.745849609375 0.01953125 0.748291015625 0.060546875 0.718994140625 0.05859375 0.701904296875 0.068359375 0.689697265625 0.068359375 0.677490234375 0.0498046875 0.64453125 0.0126953125 0.6787109375 0 0.675048828125 0 0.745849609375
0 0.4423828125 0.29541015625 0.4306640625 0.302734375 0.4169921875 0.2783203125 0.41796875 0.308837890625 0.4072265625 0.3076171875 0.3984375 0.330810546875 0.41015625 0.343017578125 0.4130859375 0.36376953125 0.431640625 0.367431640625 0.4384765625 0.3564453125 0.45703125 0.362548828125 0.466796875 0.318603515625 0.4423828125 0.29541015625
0 0.736328125 0.201416015625 0.7236328125 0.19287109375 0.7138671875 0.2001953125 0.7001953125 0.18798828125 0.693359375 0.225830078125 0.7021484375 0.234375 0.71484375 0.233154296875 0.7197265625 0.2197265625 0.7294921875 0.224609375 0.734375 0.218505859375 0.736328125 0.201416015625
0 0.8251953125 0.26123046875 0.8134765625 0.28076171875 0.8200721859375 0.28298690625 0.8214511234374999 0.2835611890625 0.8265071671875001 0.28470976718749996 0.8291015625 0.29541015625 0.856383865625 0.302512646875 0.867874890625 0.300215525 0.869140625 0.289306640625 0.8505859375 0.25146484375 0.8251953125 0.26123046875
0 0.8828125 0.379638671875 0.892578125 0.404052734375 0.900390625 0.406494140625 0.919921875 0.379638671875 0.9052734375 0.35400390625 0.8916015625 0.34912109375 0.8828125 0.379638671875
0 0.828125 0.377197265625 0.833984375 0.374755859375 0.8291015625 0.3662109375 0.82421875 0.369873046875 0.828125 0.377197265625
0 0.83203125 0.421142578125 0.8466796875 0.43701171875 0.8671875 0.445556640625 0.859375 0.408935546875 0.8369140625 0.39306640625 0.828125 0.408935546875 0.83203125 0.421142578125
0 0.7109375 0.262451171875 0.7216796875 0.24169921875 0.701171875 0.250244140625 0.701171875 0.260009765625 0.7109375 0.262451171875
0 0.3857421875 0.4638671875 0.375 0.474853515625 0.37890625 0.499267578125 0.3984375 0.526123046875 0.3984375 0.555419921875 0.40625 0.557861328125 0.416015625 0.535888671875 0.41796875 0.489501953125 0.4072265625 0.47119140625 0.3857421875 0.4638671875
0 0.314453125 0.545654296875 0.333984375 0.560302734375 0.33984375 0.548095703125 0.3212890625 0.52001953125 0.3134765625 0.52001953125 0.314453125 0.545654296875
0 0.20703125 0.440673828125 0.20703125 0.455322265625 0.2158203125 0.46630859375 0.240234375 0.472412109375 0.2421875 0.465087890625 0.2314453125 0.44677734375 0.2158203125 0.43701171875 0.20703125 0.440673828125
0 0.3603515625 0.01220703125 0.3701171875 0.0244140625 0.390625 0.025634765625 0.4111328125 0.0146484375 0.4140625 0.001220703125 0.296875 0.001220703125 0.3603515625 0.01220703125
0 0.6064453125 0.59326171875 0.5986328125 0.59326171875 0.591796875 0.606689453125 0.591796875 0.633544921875 0.59765625 0.640869140625 0.591796875 0.660400390625 0.599609375 0.662841796875 0.615234375 0.648193359375 0.625 0.623779296875 0.625 0.606689453125 0.6064453125 0.59326171875