0 0.5556640625 0.11962890625 0.55078125 0.115966796875 0.55078125 0.093994140625 0.5341796875 0.0927734375 0.5146484375 0.1220703125 0.482421875 0.142822265625 0.5009765625 0.166015625 0.52734375 0.169677734375 0.5556640625 0.15869140625 0.580078125 0.111083984375 0.5673828125 0.107421875 0.5556640625 0.11962890625
0 0 0.694580078125 0.01953125 0.697021484375 0.06640625 0.635986328125 0.076171875 0.572509765625 0.0615234375 0.54931640625 0.0126953125 0.537109375 0 0.560302734375 0 0.694580078125
0 0.1611328125 0.7080078125 0.15234375 0.723876953125 0.1513671875 0.7421875 0.1318359375 0.73486328125 0.1240234375 0.72265625 0.119140625 0.726318359375 0.12109375 0.753173828125 0.10546875 0.787353515625 0.1162109375 0.80322265625 0.140625 0.809326171875 0.201171875 0.775146484375 0.19921875 0.733642578125 0.1923828125 0.71533203125 0.1611328125 0.7080078125
0 0.9296875 0.755615234375 0.90625 0.714111328125 0.8857421875 0.6982421875 0.8154296875 0.69580078125 0.80859375 0.704345703125 0.80859375 0.745849609375 0.802734375 0.750732421875 0.796875 0.787353515625 0.796875 0.797119140625 0.8125 0.816650390625 0.80859375 0.841064453125 0.8232421875 0.85693359375 0.8505859375 0.85205078125 0.865234375 0.872802734375 0.86328125 0.887451171875 0.87109375 0.894775390625 0.892578125 0.870361328125 0.892578125 0.858154296875 0.923828125 0.814208984375 0.9296875 0.755615234375
0 0.4462890625 0.6298828125 0.439453125 0.645751953125 0.4453125 0.662841796875 0.4599609375 0.68115234375 0.4765625 0.684814453125 0.490234375 0.662841796875 0.482421875 0.638427734375 0.4658203125 0.62744140625 0.4462890625 0.6298828125
0 0.775390625 0.574951171875 0.7705078125 0.56396484375 0.7294921875 0.556640625 0.708984375 0.579833984375 0.712890625 0.599365234375 0.693359375 0.635986328125 0.69921875 0.653076171875 0.69140625 0.667724609375 0.7109375 0.675048828125 0.7177734375 0.65673828125 0.7353515625 0.66162109375 0.75 0.648193359375 0.775390625 0.574951171875
0 0.5185546875 0.50048828125 0.5048828125 0.50048828125 0.4580078125 0.48583984375 0.44921875 0.494384765625 0.447265625 0.506591796875 0.4619140625 0.54931640625 0.4775390625 0.5517578125 0.4892578125 0.56396484375 0.521484375 0.567626953125 0.54296875 0.550537109375 0.5458984375 0.4931640625 0.5302734375 0.49072265625 0.5185546875 0.50048828125
0 0.5361328125 0.61279296875 0.5263671875 0.61279296875 0.5234375 0.628662109375 0.5361328125 0.65673828125 0.556640625 0.657958984375 0.568359375 0.653076171875 0.568359375 0.611572265625 0.5478515625 0.59814453125 0.5361328125 0.61279296875
0 0.42578125 0.565185546875 0.4306640625 0.5859375 0.47265625 0.594482421875 0.48046875 0.577392578125 0.4755859375 0.55419921875 0.4482421875 0.5517578125 0.42578125 0.565185546875
0 0.4892578125 0.37353515625 0.4775390625 0.361328125 0.4453125 0.396728515625 0.453125 0.404052734375 0.455078125 0.433349609375 0.4658203125 0.45166015625 0.525390625 0.455322265625 0.5400390625 0.45166015625 0.552734375 0.435791015625 0.5419921875 0.3955078125 0.4892578125 0.37353515625
0 0.654296875 0.609130859375 0.66015625 0.614013671875 0.67578125 0.609130859375 0.6748046875 0.58837890625 0.65625 0.599365234375 0.654296875 0.609130859375
0 0.650390625 0.599365234375 0.6220703125 0.5810546875 0.5908203125 0.5859375 0.576171875 0.604248046875 0.57421875 0.643310546875 0.5888671875 0.64697265625 0.5986328125 0.6591796875 0.6064453125 0.64453125 0.6162109375 0.67138671875 0.642578125 0.670166015625 0.66015625 0.660400390625 0.669921875 0.623779296875 0.6494140625 0.625 0.650390625 0.599365234375
0 0.2236328125 0.5615234375 0.203125 0.579833984375 0.20703125 0.599365234375 0.23046875 0.618896484375 0.232421875 0.606689453125 0.255859375 0.582275390625 0.2568359375 0.556640625 0.2236328125 0.5615234375
0 0.2568359375 0.71044921875 0.2470703125 0.712890625 0.2392578125 0.70556640625 0.20703125 0.748291015625 0.2138671875 0.77392578125 0.232421875 0.777587890625 0.2509765625 0.76904296875 0.263671875 0.740966796875 0.265625 0.726318359375 0.2568359375 0.71044921875
0 0.0810546875 0.14892578125 0.076171875 0.155029296875 0.08203125 0.174560546875 0.0908203125 0.1904296875 0.09765625 0.189208984375 0.109375 0.169677734375 0.107421875 0.152587890625 0.1005859375 0.146484375 0.0810546875 0.14892578125
0 0.056640625 0.284423828125 0.052734375 0.299072265625 0.068359375 0.311279296875 0.095703125 0.294189453125 0.0927734375 0.2587890625 0.0830078125 0.2587890625 0.056640625 0.284423828125
0 0.283203125 0.140380859375 0.291015625 0.157470703125 0.298828125 0.159912109375 0.318359375 0.125732421875 0.3173828125 0.107421875 0.3095703125 0.107421875 0.283203125 0.140380859375
0 0.7548828125 0.1953125 0.765625 0.194091796875 0.7685546875 0.16357421875 0.7626953125 0.16357421875 0.748046875 0.186767578125 0.7548828125 0.1953125
0 0.8486328125 0.38330078125 0.806640625 0.386962890625 0.818359375 0.404052734375 0.8203125 0.421142578125 0.833984375 0.426025390625 0.8349609375 0.44677734375 0.8427734375 0.4541015625 0.8486328125 0.44677734375 0.8671875 0.452880859375 0.875 0.445556640625 0.8759765625 0.3955078125 0.8623046875 0.3955078125 0.8486328125 0.38330078125
0 0.7314453125 0.9423828125 0.724609375 0.963134765625 0.7060546875 0.966796875 0.69140625 0.992431640625 0.6923828125 0.99853515625 0.7265625 0.997314453125 0.744140625 0.982666015625 0.75 0.963134765625 0.7470703125 0.9423828125 0.7314453125 0.9423828125
0 0.8115234375 0.966796875 0.8046875 0.994873046875 0.810546875 0.994873046875 0.8095703125 0.986328125 0.814453125 0.994873046875 0.828125 0.980224609375 0.8134765625 0.9765625 0.818359375 0.970458984375 0.8115234375 0.966796875
0 0.83984375 0.968017578125 0.841796875 0.980224609375 0.8359375 0.985107421875 0.8408203125 0.99853515625 0.8828125 0.997314453125 0.88671875 0.982666015625 0.873046875 0.972900390625 0.8662109375 0.95458984375 0.83984375 0.968017578125