0 0.7265625 0.858154296875 0.744140625 0.802001953125 0.751953125 0.797119140625 0.736328125 0.762939453125 0.736328125 0.736083984375 0.6923828125 0.70068359375 0.6845703125 0.7080078125 0.6416015625 0.70556640625 0.6162109375 0.712890625 0.611328125 0.723876953125 0.6171875 0.738525390625 0.611328125 0.753173828125 0.611328125 0.821533203125 0.630859375 0.836181640625 0.62890625 0.870361328125 0.6474609375 0.87890625 0.6650390625 0.86669921875 0.6845703125 0.869140625 0.685546875 0.882568359375 0.69921875 0.889892578125 0.69140625 0.875244140625 0.7099609375 0.869140625 0.7119140625 0.87646484375 0.7265625 0.858154296875
0 0.5009765625 0.58349609375 0.49609375 0.589599609375 0.501953125 0.604248046875 0.498046875 0.621337890625 0.5078125 0.645751953125 0.5419921875 0.64697265625 0.544921875 0.657958984375 0.55078125 0.657958984375 0.572265625 0.596923828125 0.5703125 0.574951171875 0.5400390625 0.57373046875 0.5009765625 0.58349609375
0 0.3974609375 0.625 0.40625 0.655517578125 0.41796875 0.655517578125 0.4287109375 0.64697265625 0.4404296875 0.6494140625 0.439453125 0.628662109375 0.3974609375 0.625
0 0.3515625 0.711669921875 0.35546875 0.704345703125 0.353515625 0.699462890625 0.353515625 0.692138671875 0.3515625 0.689697265625 0.3515625 0.672607421875 0.3486328125 0.6689453125 0.3447265625 0.6689453125 0.3427734375 0.66650390625 0.3388671875 0.66650390625 0.3349609375 0.6640625 0.3310546875 0.6591796875 0.32421875 0.665283203125 0.32421875 0.667724609375 0.3173828125 0.6787109375 0.3095703125 0.6787109375 0.306640625 0.682373046875 0.306640625 0.692138671875 0.318359375 0.709228515625 0.318359375 0.714111328125 0.3203125 0.718994140625 0.3232421875 0.72265625 0.330078125 0.721435546875 0.3310546875 0.72021484375 0.3486328125 0.72021484375 0.3515625 0.716552734375 0.3515625 0.711669921875
0 0.26953125 0.728759765625 0.26953125 0.721435546875 0.267578125 0.718994140625 0.267578125 0.714111328125 0.2646484375 0.71044921875 0.2626953125 0.71044921875 0.2568359375 0.70556640625 0.2529296875 0.70556640625 0.2509765625 0.703125 0.2470703125 0.703125 0.2451171875 0.70556640625 0.2255859375 0.70556640625 0.22265625 0.709228515625 0.22265625 0.733642578125 0.232421875 0.745849609375 0.232421875 0.748291015625 0.2392578125 0.74951171875 0.240234375 0.753173828125 0.2470703125 0.76171875 0.2490234375 0.76171875 0.2509765625 0.76416015625 0.2646484375 0.76416015625 0.265625 0.762939453125 0.265625 0.758056640625 0.271484375 0.748291015625 0.271484375 0.731201171875 0.26953125 0.728759765625
0 0.2294921875 0.6640625 0.2412109375 0.6640625 0.2451171875 0.66162109375 0.248046875 0.657958984375 0.248046875 0.655517578125 0.25390625 0.650634765625 0.255859375 0.645751953125 0.255859375 0.638427734375 0.25390625 0.633544921875 0.2490234375 0.6298828125 0.2451171875 0.6298828125 0.2392578125 0.62255859375 0.2255859375 0.62255859375 0.2236328125 0.6201171875 0.2177734375 0.62255859375 0.2060546875 0.634765625 0.2021484375 0.634765625 0.1953125 0.643310546875 0.1953125 0.645751953125 0.201171875 0.653076171875 0.203125 0.657958984375 0.203125 0.662841796875 0.2060546875 0.66650390625 0.208984375 0.665283203125 0.2197265625 0.6640625 0.2216796875 0.66162109375 0.2275390625 0.66162109375 0.2294921875 0.6640625
0 0.3203125 0.604248046875 0.31640625 0.599365234375 0.314453125 0.582275390625 0.3203125 0.552978515625 0.3193359375 0.5419921875 0.3076171875 0.537109375 0.298828125 0.543212890625 0.2998046875 0.546875 0.3125 0.548095703125 0.3125 0.570068359375 0.314453125 0.572509765625 0.3115234375 0.57861328125 0.2998046875 0.57373046875 0.296875 0.570068359375 0.2978515625 0.5615234375 0.2841796875 0.556640625 0.2802734375 0.55908203125 0.2685546875 0.556640625 0.2626953125 0.5615234375 0.2509765625 0.56396484375 0.251953125 0.570068359375 0.248046875 0.577392578125 0.2373046875 0.58349609375 0.232421875 0.589599609375 0.23046875 0.609130859375 0.2333984375 0.61279296875 0.2470703125 0.6201171875 0.2529296875 0.6201171875 0.2607421875 0.62744140625 0.267578125 0.628662109375 0.2841796875 0.6201171875 0.3076171875 0.62255859375 0.318359375 0.609130859375 0.3203125 0.604248046875
0 0.7783203125 0.33203125 0.767578125 0.345458984375 0.763671875 0.369873046875 0.7841796875 0.39306640625 0.798828125 0.391845703125 0.818359375 0.379638671875 0.818359375 0.343017578125 0.8037109375 0.3271484375 0.7783203125 0.33203125
0 0 0.899658203125 0.025390625 0.904541015625 0.046875 0.882568359375 0.044921875 0.865478515625 0.052734375 0.841064453125 0.0419921875 0.82763671875 0.0302734375 0.830078125 0.0224609375 0.82275390625 0 0.858154296875 0 0.899658203125
0 0 0.667724609375 0.001953125 0.733642578125 0.005859375 0.716552734375 0.03125 0.679931640625 0.0283203125 0.65673828125 0 0.667724609375
0 0.2998046875 0.12939453125 0.2861328125 0.10986328125 0.2724609375 0.11474609375 0.25390625 0.147705078125 0.2353515625 0.166015625 0.2265625 0.164794921875 0.2265625 0.179443359375 0.2412109375 0.19775390625 0.26953125 0.196533203125 0.2978515625 0.1806640625 0.318359375 0.137939453125 0.3134765625 0.12939453125 0.2998046875 0.12939453125
0 0.279296875 0.015869140625 0.2744140625 0.01220703125 0.2548828125 0.01708984375 0.24609375 0.037841796875 0.251953125 0.067138671875 0.26171875 0.072021484375 0.2734375 0.067138671875 0.271484375 0.054931640625 0.279296875 0.042724609375 0.279296875 0.015869140625
0 0.064453125 0.162353515625 0.072265625 0.155029296875 0.0712890625 0.146484375 0.060546875 0.155029296875 0.064453125 0.162353515625
0 0.017578125 0.198974609375 0.025390625 0.218505859375 0.033203125 0.220947265625 0.052734375 0.186767578125 0.0556640625 0.16357421875 0.0439453125 0.16357421875 0.017578125 0.198974609375
0 0.580078125 0.123291015625 0.587890625 0.128173828125 0.6142578125 0.11962890625 0.640625 0.081787109375 0.6005859375 0.0830078125 0.580078125 0.123291015625
0 0.0458984375 0.146484375 0.0546875 0.147705078125 0.064453125 0.140380859375 0.0576171875 0.12451171875 0.0390625 0.130615234375 0.0458984375 0.146484375
0 0.66796875 0.404052734375 0.6611328125 0.3955078125 0.6201171875 0.37841796875 0.576171875 0.384521484375 0.576171875 0.394287109375 0.607421875 0.430908203125 0.6103515625 0.4443359375 0.64453125 0.447998046875 0.65625 0.433349609375 0.65625 0.421142578125 0.666015625 0.413818359375 0.66796875 0.404052734375
0 0.8876953125 0.5908203125 0.8837890625 0.57373046875 0.849609375 0.587158203125 0.849609375 0.601806640625 0.8583984375 0.615234375 0.921875 0.628662109375 0.92578125 0.616455078125 0.9189453125 0.5908203125 0.8974609375 0.5810546875 0.8876953125 0.5908203125
0 0.5595703125 0.9228515625 0.5859375 0.928955078125 0.568359375 0.882568359375 0.5517578125 0.87158203125 0.537109375 0.906982421875 0.5595703125 0.9228515625
0 0.15625 0.826416015625 0.166015625 0.809326171875 0.1513671875 0.79833984375 0.138671875 0.816650390625 0.15625 0.826416015625
0 0.19921875 0.809326171875 0.19921875 0.819091796875 0.2109375 0.826416015625 0.232421875 0.809326171875 0.2314453125 0.79345703125 0.2099609375 0.79833984375 0.19921875 0.809326171875
0 0.1611328125 0.76416015625 0.1298828125 0.76904296875 0.126953125 0.782470703125 0.138671875 0.797119140625 0.138671875 0.816650390625 0.154296875 0.826416015625 0.1640625 0.814208984375 0.158203125 0.794677734375 0.166015625 0.772705078125 0.1611328125 0.76416015625