0 0.8271484375 0 0.8125 0.035400390625 0.8203125 0.064697265625 0.8369140625 0.068359375 0.8466796875 0.0830078125 0.8671875 0.093994140625 0.880859375 0.089111328125 0.884765625 0.059814453125 0.875 0.045166015625 0.880859375 0.008544921875 0.876953125 0.006103515625 0.8740234375 0.02685546875 0.8662109375 0 0.8271484375 0
0 0.1044921875 0.224609375 0.0927734375 0.22216796875 0.0869140625 0.21240234375 0.0634765625 0.2099609375 0.033203125 0.225830078125 0.041015625 0.238037109375 0.046875 0.299072265625 0.056640625 0.301513671875 0.08203125 0.281982421875 0.083984375 0.264892578125 0.1015625 0.245361328125 0.1044921875 0.224609375
0 0.5498046875 0.72021484375 0.533203125 0.682373046875 0.5244140625 0.6787109375 0.537109375 0.706787109375 0.5185546875 0.70556640625 0.5087890625 0.72021484375 0.4951171875 0.72021484375 0.484375 0.733642578125 0.484375 0.743408203125 0.4951171875 0.76416015625 0.5107421875 0.7568359375 0.515625 0.770263671875 0.52734375 0.777587890625 0.525390625 0.784912109375 0.53515625 0.787353515625 0.548828125 0.767822265625 0.5546875 0.743408203125 0.572265625 0.731201171875 0.5498046875 0.72021484375
0 0.23828125 0.657958984375 0.240234375 0.645751953125 0.2275390625 0.634765625 0.22265625 0.653076171875 0.23828125 0.657958984375
0 0.3642578125 0.7421875 0.3564453125 0.72509765625 0.349609375 0.736083984375 0.3544921875 0.74462890625 0.3662109375 0.751953125 0.3759765625 0.7421875 0.37890625 0.748291015625 0.37109375 0.782470703125 0.3818359375 0.7958984375 0.404296875 0.799560546875 0.41015625 0.787353515625 0.404296875 0.762939453125 0.3876953125 0.73974609375 0.3642578125 0.7421875
0 0.19140625 0.543212890625 0.197265625 0.521240234375 0.1806640625 0.517578125 0.173828125 0.531005859375 0.19140625 0.543212890625
0 0.123046875 0.272216796875 0.123046875 0.279541015625 0.134765625 0.286865234375 0.158203125 0.250244140625 0.1591796875 0.2392578125 0.1357421875 0.25390625 0.123046875 0.272216796875
0 0.4287109375 0.029296875 0.4130859375 0.02685546875 0.388671875 0.045166015625 0.3828125 0.072021484375 0.3974609375 0.08544921875 0.42578125 0.093994140625 0.423828125 0.084228515625 0.443359375 0.059814453125 0.443359375 0.042724609375 0.4287109375 0.029296875
0 0.62109375 0.018310546875 0.6357421875 0.0341796875 0.64453125 0.032958984375 0.662109375 0.028076171875 0.6640625 0.001220703125 0.6240234375 0 0.62109375 0.018310546875
0 0.486328125 0.018310546875 0.49609375 0.023193359375 0.505859375 0.015869140625 0.5068359375 0 0.490234375 0.003662109375 0.486328125 0.018310546875
0 0.724609375 0.020751953125 0.7392578125 0.01220703125 0.7421875 0.001220703125 0.7158203125 0 0.724609375 0.020751953125
0 0.9267578125 0.36865234375 0.923828125 0.345458984375 0.9345703125 0.34423828125 0.939453125 0.328369140625 0.9248046875 0.31494140625 0.9052734375 0.31494140625 0.8857421875 0.32958984375 0.880859375 0.343017578125 0.8876953125 0.3515625 0.9130859375 0.3515625 0.9140625 0.357666015625 0.915640675 0.36160506406250004 0.9193387062499999 0.36545546562500003 0.9218041546875 0.36699563125 0.9168733515625 0.375466528125 0.915640675 0.38008699687499997 0.9070117468750001 0.391638196875 0.9045463937499999 0.40935003124999997 0.9146617812500001 0.41566923593749994 0.91796875 0.416259765625 0.9169921875 0.40771484375 0.921875 0.413818359375 0.919921875 0.489501953125 0.931640625 0.504150390625 0.947265625 0.413818359375 0.96484375 0.386962890625 0.96484375 0.357666015625 0.9501953125 0.31982421875 0.943359375 0.347900390625 0.9267578125 0.36865234375
0 0.9609375 0.443115234375 0.974609375 0.447998046875 0.9765625 0.396728515625 0.9697265625 0.3955078125 0.958984375 0.413818359375 0.9609375 0.443115234375
0 0.96875 0.562744140625 0.98828125 0.531005859375 0.9814453125 0.5126953125 0.9501953125 0.5126953125 0.943359375 0.521240234375 0.962890625 0.562744140625 0.9453125 0.596923828125 0.9453125 0.609130859375 0.923828125 0.626220703125 0.9248046875 0.6396484375 0.9375 0.638427734375 0.953125 0.618896484375 0.955078125 0.604248046875 0.978515625 0.577392578125 0.96875 0.562744140625
0 0.8203125 0.531005859375 0.833984375 0.543212890625 0.841796875 0.506591796875 0.8251953125 0.478515625 0.818359375 0.504150390625 0.8203125 0.531005859375
0 0.9267578125 0.90087890625 0.9189453125 0.9130859375 0.904296875 0.919189453125 0.90625 0.963134765625 0.9453125 0.968017578125 0.943359375 0.948486328125 0.955078125 0.933837890625 0.9423828125 0.90576171875 0.9267578125 0.90087890625
0 0.826171875 0.970458984375 0.8466796875 0.9912109375 0.869140625 0.989990234375 0.8662109375 0.97900390625 0.853515625 0.972900390625 0.8544921875 0.95947265625 0.826171875 0.970458984375
0 0.6015625 0.997314453125 0.669921875 0.997314453125 0.6455078125 0.96923828125 0.6279296875 0.96923828125 0.6162109375 0.9912109375 0.6015625 0.997314453125
0 0.326171875 0.452880859375 0.326171875 0.435791015625 0.3134765625 0.42724609375 0.310546875 0.443115234375 0.326171875 0.452880859375
0 0.236328125 0.462646484375 0.23828125 0.504150390625 0.255859375 0.509033203125 0.259765625 0.465087890625 0.255859375 0.450439453125 0.2451171875 0.44677734375 0.236328125 0.462646484375
0 0.4716796875 0.390625 0.4619140625 0.3955078125 0.4560546875 0.3857421875 0.4462890625 0.3857421875 0.453125 0.423583984375 0.4404296875 0.41015625 0.4287109375 0.4150390625 0.427734375 0.423583984375 0.4501953125 0.4443359375 0.462890625 0.445556640625 0.48046875 0.418701171875 0.478515625 0.406494140625 0.484375 0.396728515625 0.4716796875 0.390625
0 0.5930775703125 0.2046149578125 0.5881468625 0.20923545468750002 0.5887631546875001 0.2254071234375 0.591228603125 0.22771735781250002 0.600473821875 0.2261772203125 0.60546875 0.211181640625 0.5998574359375 0.19537401875 0.5961593109375001 0.1961440875 0.5930775703125 0.2046149578125
0 0.845703125 0.179443359375 0.845703125 0.174560546875 0.84375 0.172119140625 0.84375 0.167236328125 0.845703125 0.164794921875 0.8427734375 0.1611328125 0.8330078125 0.1611328125 0.8291015625 0.16357421875 0.82421875 0.169677734375 0.826171875 0.172119140625 0.8212890625 0.17333984375 0.8203125 0.177001953125 0.8173828125 0.17822265625 0.8154296875 0.18310546875 0.8125 0.181884765625 0.8115234375 0.17578125 0.810546875 0.179443359375 0.802734375 0.189208984375 0.802734375 0.191650390625 0.798828125 0.194091796875 0.798828125 0.196533203125 0.8046875 0.203857421875 0.8046875 0.208740234375 0.8095703125 0.21484375 0.8173828125 0.2197265625 0.8349609375 0.2197265625 0.8369140625 0.22216796875 0.84375 0.220947265625 0.84765625 0.208740234375 0.8515625 0.203857421875 0.8515625 0.189208984375 0.845703125 0.179443359375
0 0.38671875 0.345458984375 0.38671875 0.330810546875 0.3857421875 0.32958984375 0.3759765625 0.32958984375 0.3671875 0.338134765625 0.3671875 0.343017578125 0.365234375 0.345458984375 0.365234375 0.350341796875 0.3671875 0.352783203125 0.3671875 0.360107421875 0.369140625 0.362548828125 0.369140625 0.364990234375 0.3671875 0.367431640625 0.3681640625 0.36865234375 0.37109375 0.367431640625 0.375 0.364990234375 0.375 0.357666015625 0.3818359375 0.35400390625 0.38671875 0.345458984375