0 0.9296875 0.806884765625 0.939453125 0.797119140625 0.943359375 0.762939453125 0.962890625 0.743408203125 0.96484375 0.733642578125 0.9521484375 0.693359375 0.9169921875 0.70068359375 0.9033203125 0.68359375 0.8935546875 0.68359375 0.8681640625 0.6982421875 0.8193359375 0.6982421875 0.810546875 0.706787109375 0.80859375 0.775146484375 0.798828125 0.792236328125 0.8125 0.816650390625 0.80859375 0.843505859375 0.8251953125 0.8642578125 0.8525390625 0.87158203125 0.861328125 0.889892578125 0.859375 0.902099609375 0.865234375 0.902099609375 0.8759765625 0.8984375 0.90625 0.843505859375 0.92578125 0.826416015625 0.9296875 0.806884765625
0 0.765625 0.599365234375 0.7646484375 0.5712890625 0.7333984375 0.56396484375 0.7109375 0.589599609375 0.71484375 0.614013671875 0.697265625 0.640869140625 0.703125 0.655517578125 0.701171875 0.672607421875 0.712890625 0.677490234375 0.7236328125 0.65673828125 0.7392578125 0.66162109375 0.751953125 0.653076171875 0.765625 0.599365234375
0 0 0.706787109375 0.029296875 0.706787109375 0.044921875 0.677490234375 0.06640625 0.657958984375 0.076171875 0.628662109375 0.080078125 0.579833984375 0.0654296875 0.5517578125 0.0185546875 0.53466796875 0 0.577392578125 0 0.706787109375
0 0.1689453125 0.71533203125 0.158203125 0.728759765625 0.1591796875 0.751953125 0.1494140625 0.73974609375 0.130859375 0.738525390625 0.123046875 0.777587890625 0.11328125 0.789794921875 0.1298828125 0.8056640625 0.14453125 0.804443359375 0.205078125 0.777587890625 0.205078125 0.733642578125 0.1943359375 0.71533203125 0.1689453125 0.71533203125
0 0.2626953125 0.712890625 0.2431640625 0.7080078125 0.21875 0.738525390625 0.21484375 0.767822265625 0.240234375 0.782470703125 0.2431640625 0.77392578125 0.259765625 0.765380859375 0.26953125 0.740966796875 0.2626953125 0.712890625
0 0.2275390625 0.56396484375 0.208984375 0.582275390625 0.2109375 0.599365234375 0.236328125 0.621337890625 0.23828125 0.604248046875 0.263671875 0.577392578125 0.2587890625 0.55908203125 0.2275390625 0.56396484375
0 0.0625 0.284423828125 0.05859375 0.296630859375 0.07421875 0.311279296875 0.1015625 0.291748046875 0.0966796875 0.26123046875 0.0869140625 0.26123046875 0.0625 0.284423828125
0 0.09375 0.186767578125 0.1015625 0.189208984375 0.11328125 0.164794921875 0.1064453125 0.146484375 0.095703125 0.147705078125 0.09375 0.186767578125
0 0.5576171875 0.12451171875 0.55078125 0.120849609375 0.552734375 0.093994140625 0.5380859375 0.0927734375 0.5205078125 0.1220703125 0.5068359375 0.12451171875 0.5029296875 0.13427734375 0.4951171875 0.126953125 0.484375 0.142822265625 0.5048828125 0.166015625 0.533203125 0.169677734375 0.5654296875 0.1513671875 0.583984375 0.111083984375 0.5751953125 0.10986328125 0.5576171875 0.12451171875
0 0.603515625 0.394287109375 0.603515625 0.377197265625 0.5576171875 0.37109375 0.5244140625 0.38818359375 0.4951171875 0.3759765625 0.4873046875 0.361328125 0.4697265625 0.361328125 0.46484375 0.377197265625 0.447265625 0.396728515625 0.45703125 0.435791015625 0.4697265625 0.4541015625 0.4931640625 0.45166015625 0.5234375 0.460205078125 0.5439453125 0.4541015625 0.5556640625 0.439453125 0.5908203125 0.419921875 0.603515625 0.394287109375
0 0.4658203125 0.48583984375 0.453125 0.499267578125 0.4638671875 0.556640625 0.53125 0.567626953125 0.552734375 0.545654296875 0.5478515625 0.49560546875 0.5087890625 0.50048828125 0.4658203125 0.48583984375
0 0.4443359375 0.556640625 0.4296875 0.567626953125 0.4384765625 0.5908203125 0.4765625 0.596923828125 0.486328125 0.584716796875 0.4833984375 0.56640625 0.4658203125 0.556640625 0.4443359375 0.556640625
0 0.4501953125 0.6298828125 0.443359375 0.640869140625 0.44921875 0.665283203125 0.4677734375 0.68603515625 0.482421875 0.687255859375 0.4921875 0.670166015625 0.48828125 0.643310546875 0.4736328125 0.6298828125 0.4501953125 0.6298828125
0 0.5498046875 0.6005859375 0.52734375 0.621337890625 0.52734375 0.631103515625 0.5400390625 0.6591796875 0.56640625 0.660400390625 0.57421875 0.645751953125 0.568359375 0.631103515625 0.572265625 0.614013671875 0.5498046875 0.6005859375
0 0.591796875 0.592041015625 0.5888671875 0.61279296875 0.625 0.621337890625 0.6474609375 0.615234375 0.646484375 0.596923828125 0.6083984375 0.58349609375 0.591796875 0.592041015625
0 0.7978515625 0.9521484375 0.7783203125 0.94970703125 0.7587890625 0.95947265625 0.7509765625 0.94482421875 0.7314453125 0.947265625 0.7265625 0.960693359375 0.7099609375 0.966796875 0.6953125 0.992431640625 0.7001953125 0.99853515625 0.8828125 0.997314453125 0.8681640625 0.9619140625 0.8349609375 0.9716796875 0.8095703125 0.966796875 0.7978515625 0.9521484375
0 0.0009765625 0.99853515625 0.056640625 0.997314453125 0.0166015625 0.94970703125 0.0087890625 0.94970703125 0 0.963134765625 0.0009765625 0.99853515625
0 0.7744140625 0.26123046875 0.7646484375 0.2587890625 0.7607421875 0.27099609375 0.73828125 0.279541015625 0.7587890625 0.2978515625 0.76953125 0.296630859375 0.779296875 0.291748046875 0.771484375 0.286865234375 0.77734375 0.279541015625 0.7744140625 0.26123046875
0 0.74609375 0.172119140625 0.751953125 0.172119140625 0.751953125 0.137939453125 0.7431640625 0.13427734375 0.73828125 0.155029296875 0.74609375 0.172119140625
0 0.2890625 0.140380859375 0.2978515625 0.15869140625 0.306640625 0.157470703125 0.322265625 0.123291015625 0.3232421875 0.107421875 0.3115234375 0.10986328125 0.2890625 0.140380859375
0 0.7568359375 0.8203125 0.7373046875 0.8203125 0.728515625 0.828857421875 0.72265625 0.853271484375 0.7373046875 0.87646484375 0.75390625 0.882568359375 0.765625 0.875244140625 0.7734375 0.855712890625 0.759765625 0.841064453125 0.7568359375 0.8203125